2021_08_12_mara02_recovery.cnv
* Sea-Bird SBE 19 Data File:
* FileName = C:\Users\rucool\Documents\SBE19_data\2021_08_12_mara02_recovery.hex
* Software Version Seasave V 7.26.7.107
* Temperature SN = 1645
* Conductivity SN = 1645
* System UpLoad Time = Aug 13 2021 16:27:56
** Ship:
** Station:
** Operator:
# nquan = 9
# nvalues = 399                                   
# units = specified
# name 0 = t090C: Temperature [ITS-90, deg C]
# name 1 = c0S/m: Conductivity [S/m]
# name 2 = prSM: Pressure, Strain Gauge [db]
# name 3 = sal00: Salinity, Practical [PSU]
# name 4 = depSM: Depth [salt water, m], lat = 40.00
# name 5 = density00: Density [density, kg/m^3]
# name 6 = flSP: Fluorescence, Seapoint
# name 7 = obs: OBS, Backscatterance (D & A) [NTU]
# name 8 = flag:  0.000e+00
# span 0 =    21.3457,    31.3058                 
# span 1 =   0.001267,   4.813968                 
# span 2 =     -0.382,     15.506                 
# span 3 =     0.0160,    31.5759                 
# span 4 =     -0.379,     15.386                 
# span 5 =   995.2597,  1021.8084                 
# span 6 = 0.0000e+00, 1.0000e+01                 
# span 7 =     0.0000,   268.1319                 
# span 8 = 0.0000e+00, 0.0000e+00                 
# interval = seconds: 0.5
# start_time = Aug 13 2021 16:27:56 [System UTC, header]
# bad_flag = -9.990e-29
*END*
[from data line 161]
    23.8810   4.603810      3.634    30.5952      3.606  1020.3609 2.1245e+00     0.0000  0.000e+00
    23.8660   4.607728      3.687    30.6346      3.659  1020.3952 2.3932e+00     0.0000  0.000e+00
    23.8735   4.606669      3.634    30.6216      3.606  1020.3830 2.6252e+00     0.0000  0.000e+00
    23.8720   4.601689      3.634    30.5856      3.606  1020.3563 2.5641e+00     0.0000  0.000e+00
    23.8451   4.599574      3.820    30.5883      3.791  1020.3669 2.7106e+00     0.0000  0.000e+00
    23.8114   4.598818      4.032    30.6058      4.001  1020.3907 2.5763e+00     0.0000  0.000e+00
    23.8047   4.600624      4.178    30.6238      4.146  1020.4069 2.8571e+00     0.0000  0.000e+00
    23.8076   4.596398      4.271    30.5903      4.238  1020.3812 2.6984e+00     0.0000  0.000e+00
    23.7770   4.594435      4.523    30.5967      4.489  1020.3959 3.2112e+00     0.0000  0.000e+00
    23.7500   4.592924      4.722    30.6039      4.686  1020.4100 3.0037e+00     0.0000  0.000e+00
    23.7313   4.596692      4.762    30.6448      4.726  1020.4465 3.3822e+00     0.0000  0.000e+00
    23.7388   4.596236      4.789    30.6363      4.752  1020.4380 2.9060e+00     0.0000  0.000e+00
    23.7537   4.595478      4.749    30.6204      4.712  1020.4215 2.7473e+00     0.0000  0.000e+00
    23.7522   4.592609      4.815    30.6000      4.778  1020.4069 3.0403e+00     0.0000  0.000e+00
    23.7320   4.590797      4.961    30.6004      4.923  1020.4136 3.3211e+00     0.0000  0.000e+00
    23.7080   4.588984      5.187    30.6033      5.147  1020.4237 3.3333e+00     0.0000  0.000e+00
    23.6840   4.587172      5.400    30.6062      5.358  1020.4337 3.7729e+00     0.0000  0.000e+00
    23.6795   4.589129      5.532    30.6239      5.490  1020.4490 3.6874e+00     0.0000  0.000e+00
    23.6803   4.586562      5.599    30.6042      5.556  1020.4342 4.2735e+00     0.0000  0.000e+00
    23.6570   4.585805      5.745    30.6145      5.701  1020.4493 3.2357e+00     0.0000  0.000e+00
    23.6375   4.583540      5.904    30.6110      5.859  1020.4529 3.0281e+00     0.0000  0.000e+00
    23.6233   4.582934      6.064    30.6163      6.017  1020.4617 3.9560e+00     0.0000  0.000e+00
    23.6060   4.582931      6.170    30.6281      6.123  1020.4761 3.8828e+00     0.0000  0.000e+00
    23.6142   4.586397      6.210    30.6483      6.162  1020.4891 2.9548e+00     0.0000  0.000e+00
    23.6277   4.586242      6.236    30.6378      6.188  1020.4775 4.1026e+00     0.0000  0.000e+00
    23.6247   4.582620      6.369    30.6128      6.320  1020.4600 4.3712e+00     0.0000  0.000e+00
    23.5910   4.580958      6.622    30.6236      6.571  1020.4790 3.9560e+00     0.0000  0.000e+00
    23.5654   4.583972      6.794    30.6637      6.742  1020.5173 3.5409e+00     0.0000  0.000e+00
    23.5737   4.584119      6.794    30.6591      6.742  1020.5115 3.8950e+00     0.0000  0.000e+00
    23.5737   4.580798      6.874    30.6343      6.821  1020.4931 3.5897e+00     0.0000  0.000e+00
    23.5549   4.577477      7.007    30.6224      6.953  1020.4900 3.6630e+00     0.0000  0.000e+00
    23.5173   4.574760      7.206    30.6279      7.151  1020.5058 2.9548e+00     0.0000  0.000e+00
    23.4745   4.573852      7.366    30.6507      7.309  1020.5360 3.4432e+00     0.0000  0.000e+00
    23.4595   4.573397      7.512    30.6576      7.454  1020.5462 3.0037e+00     0.0000  0.000e+00
    23.4429   4.576561      7.552    30.6928      7.494  1020.5777 2.8938e+00     0.0000  0.000e+00
    23.4489   4.573240      7.645    30.6637      7.586  1020.5544 3.6142e+00     0.0000  0.000e+00
    23.4263   4.572333      7.924    30.6724      7.864  1020.5687 4.4200e+00     0.0000  0.000e+00
    23.4068   4.572933      8.111    30.6904      8.048  1020.5887 4.7619e+00     0.0000  0.000e+00
    23.4098   4.574287      8.190    30.6985      8.127  1020.5943 4.7131e+00     0.0000  0.000e+00
    23.4098   4.573078      8.190    30.6894      8.127  1020.5874 2.8694e+00     0.0000  0.000e+00
    23.4105   4.572170      8.270    30.6821      8.207  1020.5820 3.7118e+00     0.0000  0.000e+00
    23.4022   4.571111      8.443    30.6798      8.378  1020.5834 4.1392e+00     0.0000  0.000e+00
    23.3902   4.568846      8.736    30.6711      8.669  1020.5815 4.0049e+00     0.0000  0.000e+00
    23.3699   4.567335      8.909    30.6738      8.840  1020.5901 5.0305e+00     0.0000  0.000e+00
    23.3683   4.572158      8.949    30.7110      8.880  1020.6189 3.6142e+00     0.0000  0.000e+00
    23.3706   4.569742      8.962    30.6913      8.893  1020.6034 3.8950e+00     0.0000  0.000e+00
    23.3683   4.567627      9.055    30.6770      8.985  1020.5936 3.8950e+00     0.0000  0.000e+00
    23.3186   4.559933      9.295    30.6536      9.223  1020.5911 2.9426e+00     0.0000  0.000e+00
    23.2440   4.552541      9.468    30.6497      9.395  1020.6102 2.8571e+00     0.0000  0.000e+00
    23.2161   4.564453      9.534    30.7587      9.461  1020.7009 2.9304e+00     0.0000  0.000e+00
    23.2040   4.558116      9.574    30.7194      9.500  1020.6747 3.1624e+00     0.0000  0.000e+00
    23.1519   4.546350      9.654    30.6669      9.580  1020.6502 2.3199e+00     0.0000  0.000e+00
    22.9538   4.540317      9.787    30.7594      9.712  1020.7767 3.9560e+00     0.0000  0.000e+00
    22.7689   4.534134      9.947    30.8421      9.870  1020.8920 4.7985e+00     0.0000  0.000e+00
    22.6549   4.533228     10.146    30.9154     10.068  1020.9803 4.9939e+00     0.0000  0.000e+00
    22.5370   4.533528     10.373    31.0010     10.293  1021.0791 3.7607e+00     0.0000  0.000e+00
    22.4958   4.533073     10.626    31.0267     10.544  1021.1111 3.8828e+00     0.0000  0.000e+00
    22.4882   4.537444     10.799    31.0655     10.716  1021.1434 4.7985e+00     0.0000  0.000e+00
    22.4684   4.538044     10.879    31.0841     10.795  1021.1634 3.0037e+00     0.0000  0.000e+00
    22.4730   4.538795     10.865    31.0867     10.782  1021.1640 2.6984e+00     0.0000  0.000e+00
    22.5057   4.537283     10.852    31.0518     10.769  1021.1284 4.1514e+00     0.0000  0.000e+00
    22.4973   4.536375     10.919    31.0508     10.835  1021.1303 3.2357e+00     0.0000  0.000e+00
    22.4546   4.539842     11.078    31.1076     10.993  1021.1859 4.7741e+00     0.0000  0.000e+00
    22.4195   4.543458     11.132    31.1604     11.046  1021.2359 4.3346e+00     0.0000  0.000e+00
    22.4241   4.541796     11.185    31.1443     11.099  1021.2227 4.2857e+00     0.0000  0.000e+00
    22.3829   4.545413     11.372    31.2015     11.284  1021.2782 3.2112e+00     0.0000  0.000e+00
    22.3363   4.545562     11.665    31.2358     11.575  1021.3185 4.9695e+00     0.0000  0.000e+00
    22.3119   4.544654     11.944    31.2463     11.853  1021.3344 4.6398e+00     0.0000  0.000e+00
    22.3134   4.547366     12.051    31.2660     11.958  1021.3494 2.4542e+00     0.0000  0.000e+00
    22.3172   4.547966     11.904    31.2679     11.813  1021.3492 3.1380e+00     0.0000  0.000e+00
    22.3203   4.546756     11.771    31.2565     11.681  1021.3391 5.6654e+00     0.0000  0.000e+00
    22.3279   4.545395     11.798    31.2406     11.707  1021.3250 3.7607e+00     0.0000  0.000e+00
    22.3187   4.544186     12.011    31.2378     11.919  1021.3264 5.5189e+00     0.0000  0.000e+00
    22.2943   4.544334     12.278    31.2564     12.183  1021.3484 3.6630e+00     0.0000  0.000e+00
    22.2805   4.545990     12.424    31.2789     12.329  1021.3700 2.9548e+00     0.0000  0.000e+00
    22.2866   4.544177     12.544    31.2606     12.448  1021.3549 3.8339e+00     0.0000  0.000e+00
    22.2713   4.542063     12.611    31.2553     12.514  1021.3554 5.8730e+00     0.0000  0.000e+00
    22.2606   4.541306     12.744    31.2571     12.646  1021.3603 2.3565e+00     0.0000  0.000e+00
    22.2293   4.539796     12.957    31.2679     12.858  1021.3782 4.3712e+00     0.0000  0.000e+00
    22.2071   4.539190     13.131    31.2792     13.030  1021.3936 4.0293e+00     0.0000  0.000e+00
    22.2032   4.543107     13.157    31.3121     13.056  1021.4197 2.6496e+00     0.0000  0.000e+00
    22.2124   4.542652     13.064    31.3020     12.964  1021.4091 2.9426e+00     0.0000  0.000e+00
    22.2030   4.531882     12.931    31.2259     12.831  1021.3534 6.3370e+00     0.0000  0.000e+00
    22.1935   4.521123     12.997    31.1498     12.897  1021.2987 3.2967e+00     0.0000  0.000e+00
    22.1841   4.510377     13.344    31.0737     13.241  1021.2451 4.2613e+00     0.0000  0.000e+00
    21.9449   4.488062     13.744    31.0724     13.638  1021.3117 4.9206e+00     0.0000  0.000e+00
    21.7381   4.501938     13.931    31.3291     13.824  1021.5638 3.5897e+00     0.0000  0.000e+00
    21.7488   4.507065     13.931    31.3612     13.824  1021.5852 3.5409e+00     0.0000  0.000e+00
    21.7881   4.503294     13.958    31.3034     13.850  1021.5308 4.9573e+00     0.0000  0.000e+00
    21.8119   4.487762     13.984    31.1656     13.877  1021.4198 4.8962e+00     0.0000  0.000e+00
    21.7396   4.482937     14.051    31.1802     13.943  1021.4510 4.2002e+00     0.0000  0.000e+00
    21.6525   4.482034     14.171    31.2361     14.062  1021.5176 4.5910e+00     0.0000  0.000e+00
    21.5669   4.472987     14.345    31.2275     14.234  1021.5351 5.4823e+00     0.0000  0.000e+00
    21.4672   4.471179     14.571    31.2856     14.459  1021.6072 5.6044e+00     0.0000  0.000e+00
    21.4054   4.471180     14.825    31.3306     14.711  1021.6591 5.6044e+00     0.0000  0.000e+00
    21.3860   4.469521     14.985    31.3316     14.870  1021.6659 6.8498e+00     0.0000  0.000e+00
    21.3806   4.468617     15.185    31.3284     15.068  1021.6658 4.2247e+00     0.0000  0.000e+00
    21.3628   4.467712     15.332    31.3343     15.214  1021.6757 4.4444e+00     0.0000  0.000e+00
    21.3457   4.469371     15.439    31.3596     15.320  1021.7000 4.4078e+00     0.0000  0.000e+00
    21.3488   4.469069     15.439    31.3550     15.320  1021.6956 4.5543e+00     0.0000  0.000e+00
    21.3543   4.471029     15.439    31.3664     15.320  1021.7028 6.4469e+00     0.0000  0.000e+00
    21.3666   4.471481     15.439    31.3609     15.320  1021.6953 6.0562e+00     0.0000  0.000e+00
    21.3705   4.471330     15.426    31.3569     15.307  1021.6912 5.0794e+00     0.0000  0.000e+00
    21.3790   4.472083     15.426    31.3566     15.307  1021.6887 4.7497e+00     0.0000  0.000e+00
    21.3775   4.473139     15.426    31.3660     15.307  1021.6962 3.7118e+00     0.0000  0.000e+00
    21.3767   4.472083     15.426    31.3583     15.307  1021.6906 4.3101e+00     0.0000  0.000e+00
    21.3790   4.471932     15.452    31.3554     15.333  1021.6879 1.0000e+01     0.0000  0.000e+00
    21.3906   4.471328     15.466    31.3422     15.347  1021.6748 5.9096e+00     0.0000  0.000e+00
    21.3875   4.471328     15.479    31.3445     15.360  1021.6774 3.7485e+00     0.0000  0.000e+00
    21.3891   4.469820     15.506    31.3315     15.386  1021.6673 4.8596e+00     0.0000  0.000e+00
    21.3937   4.470121     15.492    31.3305     15.373  1021.6652 4.2613e+00     0.0000  0.000e+00
    21.4046   4.471780     15.492    31.3356     15.373  1021.6661 6.2515e+00     0.0000  0.000e+00
    21.4069   4.473136     15.479    31.3446     15.360  1021.6722 7.1429e+00     0.0000  0.000e+00
    21.3984   4.473890     15.452    31.3567     15.333  1021.6836 9.0232e+00     0.0000  0.000e+00
    21.3813   4.472382     15.399    31.3573     15.280  1021.6884 5.3480e+00     0.0000  0.000e+00
    21.3767   4.471477     15.386    31.3536     15.267  1021.6868 3.8584e+00     0.0000  0.000e+00
    21.3798   4.471628     15.359    31.3525     15.241  1021.6851 3.7241e+00     0.0000  0.000e+00
    21.3852   4.468913     15.345    31.3273     15.227  1021.6644 4.6154e+00     0.0000  0.000e+00
    21.3860   4.469366     15.332    31.3303     15.214  1021.6664 4.3834e+00     0.0000  0.000e+00
    21.4022   4.474643     15.239    31.3598     15.121  1021.6840 5.4701e+00     0.0000  0.000e+00
    21.3984   4.473135     15.079    31.3509     14.962  1021.6776 4.0781e+00     0.0000  0.000e+00
    21.3867   4.471476     14.852    31.3464     14.737  1021.6763 4.5543e+00     0.0000  0.000e+00
    21.3705   4.471174     14.491    31.3560     14.380  1021.6864 8.1807e+00     0.0000  0.000e+00
    21.3689   4.470420     14.198    31.3513     14.089  1021.6820 3.5653e+00     0.0000  0.000e+00
    21.3705   4.471626     14.051    31.3597     13.943  1021.6873 3.9560e+00     0.0000  0.000e+00
    21.3836   4.474490     13.958    31.3726     13.850  1021.6931 4.5299e+00     0.0000  0.000e+00
    21.4014   4.476601     13.811    31.3762     13.705  1021.6904 5.7998e+00     0.0000  0.000e+00
    21.4200   4.475545     13.598    31.3544     13.493  1021.6679 5.4701e+00     0.0000  0.000e+00
    21.4076   4.478259     13.317    31.3848     13.215  1021.6931 4.4811e+00     0.0000  0.000e+00
    21.4517   4.486250     13.051    31.4153     12.950  1021.7032 3.8217e+00     0.0000  0.000e+00
    21.5128   4.512487     13.024    31.5759     12.924  1021.8084 3.4676e+00     0.0000  0.000e+00
    21.6933   4.504794     13.064    31.3841     12.964  1021.6139 2.9670e+00     0.0000  0.000e+00
    21.7364   4.505697     13.024    31.3598     12.924  1021.5836 3.9683e+00     0.0000  0.000e+00
    21.7888   4.509768     12.824    31.3535     12.725  1021.5637 5.1648e+00     0.0000  0.000e+00
    21.8757   4.522735     12.531    31.3913     12.434  1021.5672 3.8828e+00     0.0000  0.000e+00
    22.0331   4.533439     12.251    31.3604     12.157  1021.4993 4.1880e+00     0.0000  0.000e+00
    22.0844   4.536455     12.078    31.3467     11.985  1021.4740 3.8950e+00     0.0000  0.000e+00
    22.1128   4.537057     11.971    31.3309     11.879  1021.4538 3.7607e+00     0.0000  0.000e+00
    22.1457   4.539168     11.958    31.3235     11.866  1021.4390 3.1990e+00     0.0000  0.000e+00
    22.1832   4.539167     11.958    31.2965     11.866  1021.4082 3.3944e+00     0.0000  0.000e+00
    22.1962   4.538865     11.825    31.2848     11.734  1021.3952 4.5177e+00     0.0000  0.000e+00
    22.2008   4.540071     11.558    31.2909     11.469  1021.3973 4.0293e+00     0.0000  0.000e+00
    22.2238   4.541427     11.305    31.2849     11.218  1021.3853 4.3590e+00     0.0000  0.000e+00
    22.2444   4.543086     11.039    31.2829     10.954  1021.3770 3.3578e+00     0.0000  0.000e+00
    22.2643   4.543688     10.852    31.2734     10.769  1021.3634 3.9072e+00     0.0000  0.000e+00
    22.2788   4.544593     10.746    31.2699     10.663  1021.3563 3.6386e+00     0.0000  0.000e+00
    22.2903   4.543235     10.679    31.2513     10.597  1021.3387 3.2601e+00     0.0000  0.000e+00
    22.2949   4.543084     10.546    31.2469     10.465  1021.3335 2.9915e+00     0.0000  0.000e+00
    22.2964   4.541726     10.306    31.2354     10.227  1021.3233 2.8571e+00     0.0000  0.000e+00
    22.3025   4.540972     10.146    31.2253     10.068  1021.3133 4.6398e+00     0.0000  0.000e+00
    22.3063   4.540971      9.973    31.2226      9.897  1021.3094 4.6154e+00     0.0000  0.000e+00
    22.3147   4.537050      9.840    31.1865      9.765  1021.2791 3.2723e+00     0.0000  0.000e+00
    22.3476   4.532374      9.734    31.1271      9.659  1021.2246 5.6654e+00     0.0000  0.000e+00
    22.3735   4.532223      9.680    31.1075      9.606  1021.2023 4.0904e+00     0.0000  0.000e+00
    22.3888   4.532222      9.481    31.0967      9.408  1021.1890 3.7118e+00     0.0000  0.000e+00
    22.4277   4.531618      9.055    31.0645      8.985  1021.1519 3.0891e+00     0.0000  0.000e+00
    22.5549   4.536894      8.789    31.0145      8.721  1021.0774 2.7473e+00     0.0000  0.000e+00
    22.5869   4.537496      8.696    30.9965      8.629  1021.0545 2.5641e+00     0.0000  0.000e+00
    22.6219   4.545187      8.789    31.0304      8.721  1021.0707 3.2112e+00     0.0000  0.000e+00
