2021_08_12_mara02_recovery.cnv
* Sea-Bird SBE 19 Data File:
* FileName = C:\Users\rucool\Documents\SBE19_data\2021_08_12_mara02_recovery.hex
* Software Version Seasave V 7.26.7.107
* Temperature SN = 1645
* Conductivity SN = 1645
* System UpLoad Time = Aug 13 2021 16:27:56
** Ship:
** Station:
** Operator:
# nquan = 9
# nvalues = 399                                   
# units = specified
# name 0 = t090C: Temperature [ITS-90, deg C]
# name 1 = c0S/m: Conductivity [S/m]
# name 2 = prSM: Pressure, Strain Gauge [db]
# name 3 = sal00: Salinity, Practical [PSU]
# name 4 = depSM: Depth [salt water, m], lat = 40.00
# name 5 = density00: Density [density, kg/m^3]
# name 6 = flSP: Fluorescence, Seapoint
# name 7 = obs: OBS, Backscatterance (D & A) [NTU]
# name 8 = flag:  0.000e+00
# span 0 =    21.3457,    31.3058                 
# span 1 =   0.001267,   4.813968                 
# span 2 =     -0.382,     15.506                 
# span 3 =     0.0160,    31.5759                 
# span 4 =     -0.379,     15.386                 
# span 5 =   995.2597,  1021.8084                 
# span 6 = 0.0000e+00, 1.0000e+01                 
# span 7 =     0.0000,   268.1319                 
# span 8 = 0.0000e+00, 0.0000e+00                 
# interval = seconds: 0.5
# start_time = Aug 13 2021 16:27:56 [System UTC, header]
# bad_flag = -9.990e-29
*END*
    31.3058   0.002011     -0.342     0.0186     -0.339   995.2597 1.8315e-01   266.6667  0.000e+00
    31.1834   0.001863     -0.316     0.0181     -0.313   995.2978 0.0000e+00   266.1783  0.000e+00
    31.1021   0.001863     -0.289     0.0181     -0.287   995.3232 2.4420e-02   266.6667  0.000e+00
    31.0601   0.001813     -0.289     0.0180     -0.287   995.3362 0.0000e+00   266.6667  0.000e+00
    31.0181   0.001764     -0.289     0.0178     -0.287   995.3491 0.0000e+00   266.1783  0.000e+00
    30.9760   0.001714     -0.329     0.0176     -0.326   995.3619 1.2210e-01   266.6667  0.000e+00
    30.8972   0.001714     -0.342     0.0176     -0.339   995.3863 2.1978e-01   267.1551  0.000e+00
    30.8204   0.001565     -0.329     0.0171     -0.326   995.4097 0.0000e+00   267.1551  0.000e+00
    30.7646   0.001565     -0.302     0.0171     -0.300   995.4271 1.4652e-01   267.1551  0.000e+00
    30.7122   0.001565     -0.316     0.0171     -0.313   995.4432 0.0000e+00   267.1551  0.000e+00
    30.6775   0.001565     -0.316     0.0171     -0.313   995.4539 2.3199e-01   267.1551  0.000e+00
    30.6325   0.001417     -0.329     0.0167     -0.326   995.4673 0.0000e+00   267.1551  0.000e+00
    30.5745   0.001417     -0.316     0.0166     -0.313   995.4852 1.9536e-01   266.6667  0.000e+00
    30.5069   0.001417     -0.302     0.0166     -0.300   995.5059 2.3199e-01   267.1551  0.000e+00
    30.4612   0.001416     -0.316     0.0166     -0.313   995.5199 8.5470e-02   267.1551  0.000e+00
    30.4284   0.001416     -0.329     0.0166     -0.326   995.5298 2.1978e-01   267.1551  0.000e+00
    30.3873   0.001416     -0.329     0.0166     -0.326   995.5424 0.0000e+00   266.6667  0.000e+00
    30.3388   0.001416     -0.329     0.0166     -0.326   995.5572 1.2210e-01   267.1551  0.000e+00
    30.2949   0.001416     -0.302     0.0166     -0.300   995.5707 0.0000e+00   267.6435  0.000e+00
    30.2648   0.001268     -0.302     0.0161     -0.300   995.5795 1.5873e-01   267.6435  0.000e+00
    30.2429   0.001267     -0.316     0.0161     -0.313   995.5861 6.1050e-02   267.6435  0.000e+00
    30.1832   0.001267     -0.355     0.0161     -0.353   995.6040 6.1050e-02   267.6435  0.000e+00
    30.1091   0.001267     -0.342     0.0161     -0.339   995.6265 7.3260e-02   267.6435  0.000e+00
    30.0343   0.001267     -0.329     0.0161     -0.326   995.6492 2.4420e-01   267.1551  0.000e+00
    29.9861   0.001267     -0.302     0.0161     -0.300   995.6639 0.0000e+00   267.1551  0.000e+00
    29.9352   0.001267     -0.316     0.0161     -0.313   995.6792 2.4420e-02   267.6435  0.000e+00
    29.8953   0.001267     -0.249     0.0161     -0.247   995.6915 0.0000e+00   268.1319  0.000e+00
    29.8120   0.001267     -0.316     0.0160     -0.313   995.7163 3.6630e-02   267.1551  0.000e+00
    29.7782   0.001267     -0.368     0.0160     -0.366   995.7262 0.0000e+00   268.1319  0.000e+00
    29.7540   0.001267     -0.368     0.0160     -0.366   995.7334 0.0000e+00   267.1551  0.000e+00
    29.7327   4.498281     -0.196    26.2916     -0.195  1015.3008 0.0000e+00   267.6435  0.000e+00
    27.1431   4.691825     -0.051    29.0956     -0.050  1018.2328 0.0000e+00    20.5128  0.000e+00
    25.4011   4.730321      0.227    30.4919      0.226  1019.8192 4.8840e-01     0.0000  0.000e+00
    25.0909   4.761406      0.426    30.9263      0.423  1020.2407 1.0623e+00     0.0000  0.000e+00
    25.0380   4.784795      0.598    31.1326      0.594  1020.4128 1.1477e+00     0.0000  0.000e+00
    24.9983   4.790230      0.678    31.1995      0.673  1020.4755 1.0623e+00     0.0000  0.000e+00
    24.9983   4.812110      0.691    31.3591      0.686  1020.5959 1.0745e+00     0.0000  0.000e+00
    25.0424   4.786313      0.664    31.1406      0.659  1020.4178 1.1111e+00     0.0000  0.000e+00
    25.0829   4.767458      0.678    30.9757      0.673  1020.2814 1.3675e+00     0.0000  0.000e+00
    25.0549   4.810157      0.664    31.3057      0.659  1020.5385 1.1477e+00     0.0000  0.000e+00
    25.0417   4.809708      0.585    31.3116      0.581  1020.5466 1.1600e+00     0.0000  0.000e+00
    24.9784   4.755702      0.466    30.9616      0.462  1020.3011 1.3065e+00     0.0000  0.000e+00
    25.0086   4.779390      0.479    31.1135      0.475  1020.4067 1.0867e+00     0.0000  0.000e+00
    24.9379   4.799310      0.572    31.3075      0.567  1020.5745 1.1966e+00     0.0000  0.000e+00
    24.8650   4.813798      0.598    31.4640      0.594  1020.7144 1.1477e+00     0.0000  0.000e+00
    24.9085   4.777742      0.559    31.1703      0.554  1020.4798 1.1600e+00     0.0000  0.000e+00
    24.9512   4.752098      0.453    30.9540      0.449  1020.3034 1.2332e+00     0.0000  0.000e+00
    24.9365   4.751951      0.413    30.9630      0.410  1020.3144 1.2943e+00     0.0000  0.000e+00
    24.9380   4.765381      0.466    31.0599      0.462  1020.3873 1.0745e+00     0.0000  0.000e+00
    24.9078   4.807779      0.559    31.3902      0.554  1020.6459 1.0623e+00     0.0000  0.000e+00
    24.9159   4.813968      0.612    31.4298      0.607  1020.6735 1.1233e+00     0.0000  0.000e+00
    24.9233   4.782741      0.585    31.1966      0.581  1020.4953 1.2576e+00     0.0000  0.000e+00
    24.9211   4.759360      0.532    31.0275      0.528  1020.3682 1.0379e+00     0.0000  0.000e+00
    24.9152   4.756044      0.492    31.0074      0.489  1020.3546 1.2821e+00     0.0000  0.000e+00
    24.9078   4.786975      0.506    31.2382      0.502  1020.5310 1.2210e+00     0.0000  0.000e+00
    24.9218   4.807799      0.559    31.3806      0.554  1020.6344 1.1355e+00     0.0000  0.000e+00
    24.9137   4.783210      0.585    31.2066      0.581  1020.5057 1.6850e+00     0.0000  0.000e+00
    24.9307   4.781855      0.585    31.1850      0.581  1020.4844 1.2821e+00     0.0000  0.000e+00
    24.9233   4.774466      0.532    31.1362      0.528  1020.4495 1.2698e+00     0.0000  0.000e+00
    24.9152   4.748068      0.466    30.9492      0.462  1020.3106 1.1477e+00     0.0000  0.000e+00
    24.9064   4.742489      0.479    30.9146      0.475  1020.2872 1.0867e+00     0.0000  0.000e+00
    24.9064   4.748075      0.559    30.9553      0.554  1020.3182 1.2210e+00     0.0000  0.000e+00
    24.9167   4.807520      0.625    31.3821      0.620  1020.6374 1.1477e+00     0.0000  0.000e+00
    24.9160   4.796359      0.598    31.3011      0.594  1020.5763 1.1722e+00     0.0000  0.000e+00
    24.9160   4.796664      0.532    31.3033      0.528  1020.5777 1.2821e+00     0.0000  0.000e+00
    24.9249   4.772377      0.453    31.1199      0.449  1020.4364 1.1477e+00     0.0000  0.000e+00
    24.9359   4.739491      0.492    30.8726      0.489  1020.2467 1.2332e+00     0.0000  0.000e+00
    24.9123   4.738439      0.585    30.8809      0.581  1020.2605 1.1600e+00     0.0000  0.000e+00
    24.9006   4.787323      0.664    31.2457      0.659  1020.5395 1.2454e+00     0.0000  0.000e+00
    24.9101   4.787930      0.651    31.2436      0.646  1020.5349 1.2454e+00     0.0000  0.000e+00
    24.8962   4.790951      0.506    31.2753      0.502  1020.5624 1.1844e+00     0.0000  0.000e+00
    24.8733   4.729250      0.373    30.8406      0.370  1020.2408 1.0256e+00     0.0000  0.000e+00
    24.8873   4.710547      0.413    30.6947      0.410  1020.1267 1.0989e+00     0.0000  0.000e+00
    24.8726   4.729106      0.651    30.8400      0.646  1020.2417 1.0989e+00     0.0000  0.000e+00
    24.8785   4.740876      0.731    30.9218      0.725  1020.3020 1.1477e+00     0.0000  0.000e+00
    24.8756   4.758682      0.612    31.0538      0.607  1020.4019 1.1600e+00     0.0000  0.000e+00
    24.8675   4.738922      0.492    30.9152      0.489  1020.2993 1.0989e+00     0.0000  0.000e+00
    24.8807   4.726705      0.466    30.8170      0.462  1020.2211 1.4042e+00     0.0000  0.000e+00
    24.8822   4.723842      0.506    30.7951      0.502  1020.2044 1.0745e+00     0.0000  0.000e+00
    24.8719   4.750397      0.572    30.9958      0.567  1020.3591 1.2088e+00     0.0000  0.000e+00
    24.8822   4.757642      0.572    31.0417      0.567  1020.3906 1.3065e+00     0.0000  0.000e+00
    24.8874   4.733507      0.545    30.8620      0.541  1020.2535 1.2698e+00     0.0000  0.000e+00
    24.8756   4.745127      0.598    30.9548      0.594  1020.3272 1.0501e+00     0.0000  0.000e+00
    24.8690   4.760368      0.598    31.0706      0.594  1020.4165 1.3431e+00     0.0000  0.000e+00
    24.8771   4.757957      0.519    31.0475      0.515  1020.3963 1.1722e+00     0.0000  0.000e+00
    24.8742   4.733369      0.453    30.8701      0.449  1020.2631 1.0745e+00     0.0000  0.000e+00
    24.8845   4.712252      0.506    30.7091      0.502  1020.1388 1.1844e+00     0.0000  0.000e+00
    24.8668   4.725381      0.638    30.8168      0.633  1020.2259 1.3065e+00     0.0000  0.000e+00
    24.8594   4.736095      0.704    30.9000      0.699  1020.2911 1.2454e+00     0.0000  0.000e+00
    24.8639   4.754353      0.625    31.0302      0.620  1020.3877 1.2332e+00     0.0000  0.000e+00
    24.8543   4.741533      0.466    30.9432      0.462  1020.3242 1.2088e+00     0.0000  0.000e+00
    24.8432   4.712118      0.373    30.7361      0.370  1020.1709 1.1722e+00     0.0000  0.000e+00
    24.8558   4.706842      0.479    30.6891      0.475  1020.1322 1.1844e+00     0.0000  0.000e+00
    24.8595   4.722081      0.638    30.7977      0.633  1020.2137 1.2210e+00     0.0000  0.000e+00
    24.8676   4.726459      0.691    30.8241      0.686  1020.2314 1.2821e+00     0.0000  0.000e+00
    24.8669   4.734006      0.585    30.8797      0.581  1020.2731 1.1233e+00     0.0000  0.000e+00
    24.8588   4.720432      0.506    30.7862      0.502  1020.2046 1.1844e+00     0.0000  0.000e+00
    24.8683   4.714250      0.532    30.7346      0.528  1020.1630 1.2454e+00     0.0000  0.000e+00
    24.8551   4.733412      0.585    30.8834      0.581  1020.2794 1.3309e+00     0.0000  0.000e+00
    24.8492   4.737640      0.585    30.9183      0.581  1020.3074 1.3187e+00     0.0000  0.000e+00
    24.8566   4.734475      0.532    30.8901      0.528  1020.2838 1.2576e+00     0.0000  0.000e+00
    24.8595   4.718336      0.519    30.7704      0.515  1020.1925 1.3553e+00     0.0000  0.000e+00
    24.8559   4.710344      0.572    30.7146      0.567  1020.1518 1.2943e+00     0.0000  0.000e+00
    24.8522   4.734183      0.638    30.8910      0.633  1020.2862 1.4530e+00     0.0000  0.000e+00
    24.8522   4.731169      0.598    30.8690      0.594  1020.2694 1.3187e+00     0.0000  0.000e+00
    24.8426   4.717746      0.466    30.7776      0.462  1020.2028 1.2210e+00     0.0000  0.000e+00
    24.8419   4.703568      0.466    30.6747      0.462  1020.1254 1.1966e+00     0.0000  0.000e+00
    24.8360   4.709003      0.572    30.7183      0.567  1020.1605 1.2088e+00     0.0000  0.000e+00
    24.8397   4.717001      0.638    30.7741      0.633  1020.2018 1.1233e+00     0.0000  0.000e+00
    24.8441   4.720776      0.625    30.7986      0.620  1020.2189 1.1722e+00     0.0000  0.000e+00
    24.8338   4.724249      0.585    30.8310      0.581  1020.2462 1.2943e+00     0.0000  0.000e+00
    24.8353   4.726968      0.559    30.8499      0.554  1020.2599 1.2332e+00     0.0000  0.000e+00
    24.8338   4.729083      0.532    30.8663      0.528  1020.2726 1.1722e+00     0.0000  0.000e+00
    24.8301   4.733462      0.532    30.9008      0.528  1020.2997 1.1600e+00     0.0000  0.000e+00
    24.8301   4.735879      0.532    30.9185      0.528  1020.3130 1.1966e+00     0.0000  0.000e+00
    24.8301   4.729546      0.532    30.8722      0.528  1020.2781 1.0867e+00     0.0000  0.000e+00
    24.8331   4.726984      0.559    30.8515      0.554  1020.2617 1.1111e+00     0.0000  0.000e+00
    24.8442   4.710845      0.572    30.7262      0.567  1020.1640 1.2088e+00     0.0000  0.000e+00
    24.8523   4.712206      0.638    30.7306      0.633  1020.1652 1.2454e+00     0.0000  0.000e+00
    24.8685   4.731671      0.664    30.8615      0.659  1020.2592 1.1844e+00     0.0000  0.000e+00
    24.8715   4.728958      0.585    30.8397      0.581  1020.2415 1.2698e+00     0.0000  0.000e+00
    24.8412   4.722777      0.479    30.8152      0.475  1020.2316 1.1111e+00     0.0000  0.000e+00
    24.8213   4.708147      0.453    30.7220      0.449  1020.1671 1.0256e+00     0.0000  0.000e+00
    24.8304   4.703267      0.519    30.6802      0.515  1020.1332 1.0379e+00     0.0000  0.000e+00
    24.8395   4.698389      0.598    30.6385      0.594  1020.0993 1.1355e+00     0.0000  0.000e+00
    24.8486   4.693510      0.638    30.5967      0.633  1020.0653 1.1600e+00     0.0000  0.000e+00
    24.8405   4.695015      0.625    30.6132      0.620  1020.0801 1.1477e+00     0.0000  0.000e+00
    24.8361   4.695766      0.585    30.6217      0.581  1020.0877 1.0867e+00     0.0000  0.000e+00
    24.8368   4.694556      0.506    30.6124      0.502  1020.0801 1.1600e+00     0.0000  0.000e+00
    24.8397   4.696061      0.479    30.6214      0.475  1020.0859 1.2088e+00     0.0000  0.000e+00
    24.8419   4.697869      0.572    30.6330      0.567  1020.0944 1.0867e+00     0.0000  0.000e+00
    24.8581   4.698921      0.625    30.6297      0.620  1020.0873 1.0867e+00     0.0000  0.000e+00
    24.8670   4.698918      0.612    30.6237      0.607  1020.0801 1.2698e+00     0.0000  0.000e+00
    24.8633   4.700121      0.612    30.6350      0.607  1020.0897 1.2210e+00     0.0000  0.000e+00
    24.8618   4.698760      0.585    30.6261      0.581  1020.0833 1.2821e+00     0.0000  0.000e+00
    24.8574   4.698003      0.559    30.6236      0.554  1020.0826 1.4042e+00     0.0000  0.000e+00
    24.8610   4.696944      0.585    30.6133      0.581  1020.0739 1.2454e+00     0.0000  0.000e+00
    24.8633   4.694678      0.691    30.5953      0.686  1020.0601 1.2943e+00     0.0000  0.000e+00
    24.8507   4.696937      0.850    30.6202      0.843  1020.0834 1.2821e+00     0.0000  0.000e+00
    24.8374   4.697689      0.956    30.6347      0.949  1020.0987 1.0867e+00     0.0000  0.000e+00
    24.8500   4.696931      1.049    30.6206      1.041  1020.0847 1.1111e+00     0.0000  0.000e+00
    24.8551   4.696475      1.221    30.6138      1.212  1020.0788 1.2943e+00     0.0000  0.000e+00
    24.8580   4.696170      1.592    30.6095      1.580  1020.0763 1.2943e+00     0.0000  0.000e+00
    24.8425   4.696469      1.844    30.6221      1.830  1020.0915 1.2943e+00     0.0000  0.000e+00
    24.8396   4.696617      1.910    30.6251      1.895  1020.0949 1.3187e+00     0.0000  0.000e+00
    24.8470   4.696161      1.884    30.6168      1.869  1020.0864 1.4652e+00     0.0000  0.000e+00
    24.8499   4.696761      1.923    30.6192      1.909  1020.0875 1.4408e+00     0.0000  0.000e+00
    24.8499   4.697060      2.043    30.6213      2.027  1020.0896 1.4408e+00     0.0000  0.000e+00
    24.8580   4.693134      2.202    30.5872      2.185  1020.0621 1.5140e+00     0.0000  0.000e+00
    24.8602   4.685136      2.361    30.5274      2.343  1020.0171 1.3797e+00     0.0000  0.000e+00
    24.7938   4.685134      2.507    30.5722      2.487  1020.0712 1.4652e+00     0.0000  0.000e+00
    24.7554   4.684829      2.586    30.5960      2.566  1020.1009 1.4652e+00     0.0000  0.000e+00
    24.7620   4.688446      2.546    30.6179      2.527  1020.1153 1.6361e+00     0.0000  0.000e+00
    24.7834   4.648318      2.573    30.3107      2.553  1019.8774 1.4774e+00     0.0000  0.000e+00
    24.5076   4.614380      2.812    30.2479      2.790  1019.9124 1.5263e+00     0.0000  0.000e+00
    24.1496   4.608802      3.050    30.4489      3.027  1020.1699 1.6239e+00     0.0000  0.000e+00
    24.0796   4.627805      3.157    30.6371      3.132  1020.3329 1.9048e+00     0.0000  0.000e+00
    24.1086   4.626444      3.117    30.6072      3.093  1020.3016 1.9658e+00     0.0000  0.000e+00
    24.1101   4.621010      3.050    30.5660      3.027  1020.2698 1.8926e+00     0.0000  0.000e+00
    24.0959   4.608790      3.143    30.4853      3.119  1020.2134 2.1123e+00     0.0000  0.000e+00
