2021_02_08_ru34_Deployment_Orsted.cnv
* Sea-Bird SBE 19 Data File:
* FileName = C:\Users\rucool\Documents\SBE19_data\2021_02_08_ru34_Deployment_Orsted.hex
* Software Version Seasave V 7.26.7.107
* Temperature SN = 1645
* Conductivity SN = 1645
* System UpLoad Time = Feb 08 2021 20:48:50
** Ship: R/V Rutgers
** Station: Deployment
** Operator: Chip and Nicole
** Lat: 39 21.710 N
** Lon: 74 12.576 W
** Time: 3:48pm local
# nquan = 7
# nvalues = 438                                   
# units = specified
# name 0 = t090C: Temperature [ITS-90, deg C]
# name 1 = c0S/m: Conductivity [S/m]
# name 2 = prSM: Pressure, Strain Gauge [db]
# name 3 = sal00: Salinity, Practical [PSU]
# name 4 = depSM: Depth [salt water, m], lat = 40.00
# name 5 = density00: Density [density, kg/m^3]
# name 6 = flag:  0.000e+00
# span 0 =    -0.8178,     5.4690                 
# span 1 =  -0.000102,   3.162542                 
# span 2 =      0.137,     23.500                 
# span 3 =     0.0000,    35.3426                 
# span 4 =      0.135,     23.319                 
# span 5 =   999.7816,  1028.4232                 
# span 6 = 0.0000e+00, 0.0000e+00                 
# interval = seconds: 0.5
# start_time = Feb 08 2021 20:48:50 [System UTC, header]
# bad_flag = -9.990e-29
*END*
    -0.5087  -0.000100      0.137     0.0000      0.135   999.8064  0.000e+00
    -0.5260  -0.000100      0.137     0.0000      0.135   999.8050  0.000e+00
    -0.5358  -0.000100      0.137     0.0000      0.135   999.8043  0.000e+00
    -0.5434  -0.000100      0.137     0.0000      0.135   999.8037  0.000e+00
    -0.5510  -0.000100      0.137     0.0000      0.135   999.8031  0.000e+00
    -0.5587  -0.000100      0.137     0.0000      0.135   999.8025  0.000e+00
    -0.5696  -0.000100      0.137     0.0000      0.135   999.8016  0.000e+00
    -0.5783  -0.000100      0.150     0.0000      0.149   999.8010  0.000e+00
    -0.5838  -0.000100      0.137     0.0000      0.135   999.8005  0.000e+00
    -0.5871  -0.000100      0.137     0.0000      0.135   999.8002  0.000e+00
    -0.5893  -0.000100      0.137     0.0000      0.135   999.8001  0.000e+00
    -0.5926  -0.000100      0.137     0.0000      0.135   999.7998  0.000e+00
    -0.5980  -0.000100      0.137     0.0000      0.135   999.7994  0.000e+00
    -0.6100  -0.000100      0.137     0.0000      0.135   999.7984  0.000e+00
    -0.6166  -0.000100      0.137     0.0000      0.135   999.7979  0.000e+00
    -0.6221  -0.000100      0.137     0.0000      0.135   999.7975  0.000e+00
    -0.6297  -0.000100      0.137     0.0000      0.135   999.7969  0.000e+00
    -0.6319  -0.000100      0.150     0.0000      0.149   999.7968  0.000e+00
    -0.6461  -0.000101      0.137     0.0000      0.135   999.7956  0.000e+00
    -0.6538  -0.000101      0.137     0.0000      0.135   999.7949  0.000e+00
    -0.6582  -0.000101      0.137     0.0000      0.135   999.7946  0.000e+00
    -0.6604  -0.000101      0.137     0.0000      0.135   999.7944  0.000e+00
    -0.6637  -0.000101      0.137     0.0000      0.135   999.7942  0.000e+00
    -0.6648  -0.000101      0.137     0.0000      0.135   999.7941  0.000e+00
    -0.6616  -0.000101      0.137     0.0000      0.135   999.7943  0.000e+00
    -0.6649  -0.000101      0.137     0.0000      0.135   999.7941  0.000e+00
    -0.6606  -0.000101      0.137     0.0000      0.135   999.7944  0.000e+00
    -0.6704  -0.000101      0.137     0.0000      0.135   999.7936  0.000e+00
    -0.6835  -0.000101      0.137     0.0000      0.135   999.7926  0.000e+00
    -0.6966  -0.000101      0.137     0.0000      0.135   999.7915  0.000e+00
    -0.7075  -0.000101      0.150     0.0000      0.149   999.7907  0.000e+00
    -0.7381  -0.000101      0.137     0.0000      0.135   999.7881  0.000e+00
    -0.7762  -0.000101      0.137     0.0000      0.135   999.7850  0.000e+00
    -0.8002  -0.000102      0.137     0.0000      0.135   999.7830  0.000e+00
    -0.8112  -0.000102      0.137     0.0000      0.135   999.7821  0.000e+00
    -0.8178  -0.000102      0.137     0.0000      0.135   999.7816  0.000e+00
    -0.8156  -0.000102      0.137     0.0000      0.135   999.7818  0.000e+00
    -0.8048  -0.000102      0.137     0.0000      0.135   999.7827  0.000e+00
    -0.7961  -0.000102      0.137     0.0000      0.135   999.7834  0.000e+00
    -0.7950   2.860602      0.150    35.3426      0.149  1028.4232  0.000e+00
     2.1432   3.101013      0.282    35.1347      0.280  1028.0694  0.000e+00
     4.3361   3.112135      0.415    32.9586      0.412  1026.1303  0.000e+00
     5.0283   3.095599      0.534    32.0869      0.530  1025.3657  0.000e+00
     5.2320   3.056209      0.613    31.4431      0.609  1024.8340  0.000e+00
     5.3287   3.072164      0.706    31.5333      0.701  1024.8951  0.000e+00
     5.3513   3.090676      0.733    31.7221      0.727  1025.0420  0.000e+00
     5.3828   3.032941      0.799    31.0383      0.793  1024.4979  0.000e+00
     5.3119   3.073711      0.786    31.5667      0.780  1024.9237  0.000e+00
     5.2566   3.121855      0.759    32.1672      0.753  1025.4050  0.000e+00
     5.3602   3.094645      0.812    31.7587      0.806  1025.0704  0.000e+00
     5.3956   3.048639      0.905    31.2040      0.898  1024.6280  0.000e+00
     5.3926   3.100389      0.918    31.7930      0.911  1025.0944  0.000e+00
     5.3621   3.123868      0.905    32.0887      0.898  1025.3317  0.000e+00
     5.3916   3.062368      0.958    31.3630      0.951  1024.7545  0.000e+00
     5.3985   3.087047      0.984    31.6361      0.977  1024.9699  0.000e+00
     5.3778   3.123461      0.918    32.0690      0.911  1025.3144  0.000e+00
     5.3857   3.118813      0.865    32.0087      0.859  1025.2656  0.000e+00
     5.4024   3.074608      0.865    31.4916      0.859  1024.8545  0.000e+00
     5.4182   3.057627      0.905    31.2846      0.898  1024.6893  0.000e+00
     5.4083   3.055085      0.931    31.2650      0.924  1024.6750  0.000e+00
     5.4054   3.111652      0.892    31.9087      0.885  1025.1843  0.000e+00
     5.4103   3.126708      0.799    32.0749      0.793  1025.3148  0.000e+00
     5.4270   3.116344      0.786    31.9414      0.780  1025.2072  0.000e+00
     5.4349   3.057549      0.839    31.2682      0.832  1024.6741  0.000e+00
     5.4240   3.055307      0.892    31.2529      0.885  1024.6635  0.000e+00
     5.4211   3.099240      0.839    31.7531      0.832  1025.0592  0.000e+00
     5.4073   3.130693      0.759    32.1230      0.753  1025.3530  0.000e+00
     5.4181   3.095961      0.772    31.7187      0.766  1025.0320  0.000e+00
     5.4319   3.074918      0.878    31.4674      0.872  1024.8322  0.000e+00
     5.4299   3.072826      0.931    31.4456      0.924  1024.8154  0.000e+00
     5.4250   3.119620      0.839    31.9804      0.832  1025.2386  0.000e+00
     5.4240   3.136182      0.733    32.1694      0.727  1025.3877  0.000e+00
     5.4437   3.133489      0.746    32.1199      0.740  1025.3464  0.000e+00
     5.4545   3.088527      0.865    31.6002      0.859  1024.9346  0.000e+00
     5.4417   3.085684      0.931    31.5800      0.924  1024.9204  0.000e+00
     5.4417   3.098635      0.892    31.7267      0.885  1025.0362  0.000e+00
     5.4348   3.129938      0.812    32.0881      0.806  1025.3225  0.000e+00
     5.4377   3.135669      0.812    32.1503      0.806  1025.3714  0.000e+00
     5.4594   3.095369      0.878    31.6730      0.872  1024.9917  0.000e+00
     5.4515   3.083651      0.918    31.5478      0.911  1024.8938  0.000e+00
     5.4505   3.084267      0.865    31.5557      0.859  1024.8999  0.000e+00
     5.4377   3.115270      0.786    31.9190      0.780  1025.1883  0.000e+00
     5.4337   3.141009      0.786    32.2148      0.780  1025.4227  0.000e+00
     5.4446   3.102512      0.865    31.7679      0.859  1025.0684  0.000e+00
     5.4416   3.089741      0.931    31.6260      0.924  1024.9568  0.000e+00
     5.4436   3.096675      0.892    31.7027      0.885  1025.0170  0.000e+00
     5.4426   3.132342      0.799    32.1079      0.793  1025.3373  0.000e+00
     5.4396   3.145295      0.812    32.2578      0.806  1025.4562  0.000e+00
     5.4603   3.107700      0.905    31.8117      0.898  1025.1014  0.000e+00
     5.4563   3.093875      0.958    31.6589      0.951  1024.9813  0.000e+00
     5.4543   3.108482      0.958    31.8262      0.951  1025.1138  0.000e+00
     5.4494   3.123841      0.945    32.0049      0.937  1025.2557  0.000e+00
     5.4553   3.117838      0.984    31.9313      0.977  1025.1969  0.000e+00
     5.4583   3.101606      1.024    31.7446      1.016  1025.0491  0.000e+00
     5.4583   3.131257      1.037    32.0805      1.029  1025.3149  0.000e+00
     5.4582   3.143007      1.090    32.2138      1.082  1025.4205  0.000e+00
     5.4651   3.111128      1.196    31.8458      1.187  1025.1292  0.000e+00
     5.4602   3.101665      1.249    31.7433      1.240  1025.0489  0.000e+00
     5.4503   3.112962      1.170    31.8806      1.161  1025.1583  0.000e+00
     5.4513   3.148031      1.104    32.2774      1.095  1025.4717  0.000e+00
     5.4553   3.151356      1.157    32.3113      1.148  1025.4984  0.000e+00
     5.4690   3.153327      1.316    32.3204      1.306  1025.5046  0.000e+00
     5.4562   3.149430      1.501    32.2884      1.490  1025.4817  0.000e+00
     5.4050   3.147791      1.687    32.3190      1.674  1025.5126  0.000e+00
     5.3636   3.142991      1.899    32.3042      1.884  1025.5067  0.000e+00
     5.3439   3.141051      2.058    32.3011      2.042  1025.5072  0.000e+00
     5.3271   3.143473      2.177    32.3448      2.161  1025.5442  0.000e+00
     5.3193   3.143939      2.310    32.3577      2.292  1025.5559  0.000e+00
     5.3104   3.146362      2.469    32.3938      2.450  1025.5863  0.000e+00
     5.3005   3.146527      2.708    32.4051      2.687  1025.5975  0.000e+00
     5.2896   3.143232      3.040    32.3779      3.016  1025.5787  0.000e+00
     5.2768   3.128653      3.331    32.2240      3.306  1025.4597  0.000e+00
     5.2738   3.134836      3.384    32.2973      3.359  1025.5183  0.000e+00
     5.2699   3.144481      3.384    32.4111      3.359  1025.6088  0.000e+00
     5.2630   3.144646      3.557    32.4196      3.530  1025.6171  0.000e+00
     5.2560   3.140448      3.836    32.3783      3.806  1025.5865  0.000e+00
     5.2511   3.133241      4.048    32.3007      4.017  1025.5267  0.000e+00
     5.2481   3.129494      4.154    32.2608      4.122  1025.4959  0.000e+00
     5.2471   3.143352      4.221    32.4199      4.188  1025.6222  0.000e+00
     5.2491   3.144270      4.420    32.4283      4.386  1025.6296  0.000e+00
     5.2501   3.133902      4.645    32.3090      4.610  1025.5361  0.000e+00
     5.2471   3.130306      4.738    32.2708      4.702  1025.5066  0.000e+00
     5.2481   3.139951      4.752    32.3799      4.715  1025.5929  0.000e+00
     5.2540   3.140257      4.924    32.3775      4.886  1025.5912  0.000e+00
     5.2599   3.140558      5.163    32.3751      5.124  1025.5897  0.000e+00
     5.2658   3.140856      5.389    32.3727      5.348  1025.5882  0.000e+00
     5.2451   3.139496      5.522    32.3772      5.480  1025.5947  0.000e+00
     5.2422   3.142499      5.628    32.4143      5.585  1025.6249  0.000e+00
     5.2481   3.142944      5.721    32.4135      5.677  1025.6241  0.000e+00
     5.2511   3.145947      5.827    32.4449      5.783  1025.6490  0.000e+00
     5.2520   3.147295      6.014    32.4592      5.967  1025.6611  0.000e+00
     5.2520   3.147891      6.253    32.4659      6.205  1025.6675  0.000e+00
     5.2560   3.147132      6.505    32.4533      6.455  1025.6583  0.000e+00
     5.2550   3.146223      6.691    32.4438      6.640  1025.6517  0.000e+00
     5.2590   3.151934      6.824    32.5051      6.772  1025.7004  0.000e+00
     5.2619   3.152680      7.024    32.5106      6.970  1025.7054  0.000e+00
     5.2649   3.153276      7.263    32.5144      7.207  1025.7091  0.000e+00
     5.2689   3.153872      7.476    32.5172      7.418  1025.7119  0.000e+00
     5.2718   3.154467      7.688    32.5210      7.629  1025.7156  0.000e+00
     5.2738   3.154912      7.901    32.5241      7.841  1025.7188  0.000e+00
     5.2758   3.154455      8.048    32.5169      7.986  1025.7135  0.000e+00
     5.2748   3.153696      8.074    32.5092      8.012  1025.7076  0.000e+00
     5.2709   3.153991      8.034    32.5164      7.973  1025.7136  0.000e+00
     5.2689   3.155489      8.101    32.5354      8.039  1025.7292  0.000e+00
     5.2768   3.155784      8.300    32.5309      8.237  1025.7257  0.000e+00
     5.2807   3.155928      8.553    32.5286      8.487  1025.7246  0.000e+00
     5.2837   3.156072      8.793    32.5273      8.725  1025.7243  0.000e+00
     5.2827   3.156066      8.979    32.5280      8.910  1025.7259  0.000e+00
     5.2827   3.156210      9.139    32.5296      9.068  1025.7279  0.000e+00
     5.2817   3.155903      9.245    32.5270      9.174  1025.7264  0.000e+00
     5.2817   3.156047      9.272    32.5286      9.200  1025.7278  0.000e+00
     5.2817   3.156191      9.378    32.5302      9.306  1025.7296  0.000e+00
     5.2817   3.156185      9.591    32.5300      9.517  1025.7304  0.000e+00
     5.2818   3.156028      9.831    32.5281      9.755  1025.7300  0.000e+00
     5.2798   3.155721     10.057    32.5264      9.980  1025.7300  0.000e+00
     5.2768   3.156016     10.323    32.5325     10.244  1025.7364  0.000e+00
     5.2739   3.156160     10.550    32.5369     10.469  1025.7412  0.000e+00
     5.2739   3.155552     10.656    32.5299     10.575  1025.7362  0.000e+00
     5.2729   3.156449     10.750    32.5411     10.667  1025.7456  0.000e+00
     5.2759   3.156743     10.923    32.5415     10.839  1025.7463  0.000e+00
     5.2788   3.156737     11.083    32.5384     10.998  1025.7443  0.000e+00
     5.2769   3.156430     11.176    32.5368     11.090  1025.7437  0.000e+00
     5.2749   3.156875     11.243    32.5438     11.156  1025.7497  0.000e+00
     5.2778   3.157471     11.403    32.5476     11.315  1025.7532  0.000e+00
     5.2848   3.159119     11.669    32.5595     11.579  1025.7631  0.000e+00
     5.2936   3.160166     11.936    32.5627     11.844  1025.7658  0.000e+00
     5.2966   3.159107     12.082    32.5477     11.989  1025.7543  0.000e+00
     5.2996   3.158649     12.109    32.5396     12.016  1025.7476  0.000e+00
     5.3006   3.161050     12.162    32.5659     12.069  1025.7686  0.000e+00
     5.3065   3.161947     12.349    32.5703     12.254  1025.7723  0.000e+00
     5.3124   3.162542     12.562    32.5712     12.466  1025.7733  0.000e+00
     5.3164   3.162235     12.696    32.5638     12.598  1025.7676  0.000e+00
     5.3164   3.161928     12.789    32.5603     12.690  1025.7653  0.000e+00
     5.3134   3.161620     12.989    32.5595     12.889  1025.7659  0.000e+00
     5.3095   3.161765     13.296    32.5649     13.193  1025.7720  0.000e+00
     5.3075   3.161307     13.509    32.5615     13.405  1025.7705  0.000e+00
     5.3036   3.161301     13.589    32.5652     13.485  1025.7743  0.000e+00
     5.3045   3.161144     13.589    32.5624     13.485  1025.7720  0.000e+00
     5.3055   3.161589     13.629    32.5665     13.524  1025.7753  0.000e+00
     5.3046   3.161583     13.709    32.5674     13.604  1025.7765  0.000e+00
     5.3055   3.161276     13.856    32.5628     13.749  1025.7735  0.000e+00
     5.3046   3.161119     14.096    32.5619     13.988  1025.7739  0.000e+00
     5.3026   3.160962     14.403    32.5618     14.292  1025.7756  0.000e+00
     5.2996   3.161107     14.617    32.5663     14.504  1025.7804  0.000e+00
     5.2996   3.160799     14.697    32.5627     14.584  1025.7780  0.000e+00
     5.3006   3.161245     14.777    32.5668     14.663  1025.7814  0.000e+00
     5.3006   3.161238     14.924    32.5666     14.809  1025.7820  0.000e+00
     5.3026   3.161382     15.164    32.5662     15.047  1025.7826  0.000e+00
     5.3046   3.161075     15.364    32.5607     15.246  1025.7789  0.000e+00
     5.3016   3.161069     15.458    32.5635     15.339  1025.7819  0.000e+00
     5.3016   3.161213     15.525    32.5651     15.405  1025.7834  0.000e+00
     5.3016   3.161056     15.618    32.5632     15.498  1025.7824  0.000e+00
     5.3026   3.161050     15.818    32.5621     15.697  1025.7823  0.000e+00
     5.3017   3.160894     16.072    32.5611     15.948  1025.7829  0.000e+00
     5.3026   3.160887     16.353    32.5600     16.227  1025.7831  0.000e+00
     5.3007   3.160731     16.500    32.5600     16.373  1025.7841  0.000e+00
     5.3007   3.160574     16.633    32.5582     16.505  1025.7832  0.000e+00
     5.2977   3.160568     16.847    32.5609     16.717  1025.7867  0.000e+00
     5.2958   3.160712     17.074    32.5643     16.943  1025.7907  0.000e+00
     5.2948   3.160405     17.195    32.5617     17.062  1025.7893  0.000e+00
     5.2977   3.160097     17.221    32.5553     17.089  1025.7840  0.000e+00
     5.2958   3.160543     17.221    32.5623     17.089  1025.7898  0.000e+00
     5.2968   3.160386     17.355    32.5595     17.221  1025.7881  0.000e+00
     5.2997   3.160380     17.596    32.5564     17.460  1025.7864  0.000e+00
     5.2968   3.160373     17.863    32.5591     17.725  1025.7901  0.000e+00
