2021_08_12_mara02_recovery.cnv
* Sea-Bird SBE 19 Data File:
* FileName = C:\Users\rucool\Documents\SBE19_data\2021_08_12_mara02_recovery.hex
* Software Version Seasave V 7.26.7.107
* Temperature SN = 1645
* Conductivity SN = 1645
* System UpLoad Time = Aug 13 2021 16:27:56
** Ship:
** Station:
** Operator:
# nquan = 9
# nvalues = 399                                   
# units = specified
# name 0 = t090C: Temperature [ITS-90, deg C]
# name 1 = c0S/m: Conductivity [S/m]
# name 2 = prSM: Pressure, Strain Gauge [db]
# name 3 = sal00: Salinity, Practical [PSU]
# name 4 = depSM: Depth [salt water, m], lat = 40.00
# name 5 = density00: Density [density, kg/m^3]
# name 6 = flSP: Fluorescence, Seapoint
# name 7 = obs: OBS, Backscatterance (D & A) [NTU]
# name 8 = flag:  0.000e+00
# span 0 =    21.3457,    31.3058                 
# span 1 =   0.001267,   4.813968                 
# span 2 =     -0.382,     15.506                 
# span 3 =     0.0160,    31.5759                 
# span 4 =     -0.379,     15.386                 
# span 5 =   995.2597,  1021.8084                 
# span 6 = 0.0000e+00, 1.0000e+01                 
# span 7 =     0.0000,   268.1319                 
# span 8 = 0.0000e+00, 0.0000e+00                 
# interval = seconds: 0.5
# start_time = Aug 13 2021 16:27:56 [System UTC, header]
# bad_flag = -9.990e-29
*END*
[from data line 321]
    22.7602   4.542168      8.869    30.9096      8.801  1020.9409 4.3956e+00     0.0000  0.000e+00
    22.8072   4.545183      8.629    30.8995      8.563  1020.9190 3.1624e+00     0.0000  0.000e+00
    22.9618   4.550006      8.310    30.8276      8.246  1020.8197 3.8828e+00     0.0000  0.000e+00
    23.1229   4.553020      8.017    30.7380      7.956  1020.7050 2.7473e+00     0.0000  0.000e+00
    23.1372   4.561465      7.911    30.7917      7.850  1020.7411 3.0403e+00     0.0000  0.000e+00
    23.1742   4.562821      7.898    30.7761      7.837  1020.7188 2.7839e+00     0.0000  0.000e+00
    23.1946   4.559804      7.778    30.7392      7.718  1020.6846 3.9072e+00     0.0000  0.000e+00
    23.1961   4.561765      7.565    30.7530      7.507  1020.6936 3.6630e+00     0.0000  0.000e+00
    23.2451   4.562970      7.366    30.7280      7.309  1020.6599 3.0891e+00     0.0000  0.000e+00
    23.2858   4.566890      7.299    30.7292      7.243  1020.6490 5.0794e+00     0.0000  0.000e+00
    23.3174   4.569303      7.379    30.7254      7.323  1020.6374 3.2967e+00     0.0000  0.000e+00
    23.3536   4.566889      7.446    30.6821      7.389  1020.5947 3.5043e+00     0.0000  0.000e+00
    23.3604   4.566738      7.193    30.6764      7.138  1020.5873 4.0293e+00     0.0000  0.000e+00
    23.3679   4.568245      6.781    30.6826      6.729  1020.5881 3.3700e+00     0.0000  0.000e+00
    23.3935   4.569300      6.502    30.6729      6.452  1020.5722 4.2125e+00     0.0000  0.000e+00
    23.3972   4.571110      6.462    30.6838      6.413  1020.5793 3.2845e+00     0.0000  0.000e+00
    23.4055   4.571713      6.502    30.6826      6.452  1020.5761 3.8339e+00     0.0000  0.000e+00
    23.4055   4.570657      6.422    30.6747      6.373  1020.5698 2.9792e+00     0.0000  0.000e+00
    23.4070   4.571109      6.196    30.6771      6.149  1020.5702 3.4066e+00     0.0000  0.000e+00
    23.4123   4.572616      6.050    30.6848      6.004  1020.5739 3.5531e+00     0.0000  0.000e+00
    23.4175   4.574728      6.050    30.6970      6.004  1020.5816 3.6020e+00     0.0000  0.000e+00
    23.4258   4.572314      5.931    30.6732      5.885  1020.5608 4.2369e+00     0.0000  0.000e+00
    23.4333   4.573822      5.639    30.6794      5.595  1020.5620 4.1270e+00     0.0000  0.000e+00
    23.4679   4.574575      5.400    30.6612      5.358  1020.5373 4.5055e+00     0.0000  0.000e+00
    23.5062   4.576686      5.187    30.6506      5.147  1020.5174 3.8828e+00     0.0000  0.000e+00
    23.5190   4.580305      5.054    30.6689      5.015  1020.5270 3.3822e+00     0.0000  0.000e+00
    23.5340   4.581661      5.041    30.6686      5.002  1020.5224 3.3944e+00     0.0000  0.000e+00
    23.5633   4.583169      5.054    30.6597      5.015  1020.5073 2.9915e+00     0.0000  0.000e+00
    23.5768   4.580906      4.975    30.6335      4.936  1020.4833 3.3578e+00     0.0000  0.000e+00
    23.5813   4.581811      4.775    30.6372      4.739  1020.4839 3.2234e+00     0.0000  0.000e+00
    23.5918   4.582112      4.590    30.6322      4.554  1020.4764 3.0769e+00     0.0000  0.000e+00
    23.6136   4.583469      4.351    30.6274      4.317  1020.4655 3.5653e+00     0.0000  0.000e+00
    23.6608   4.585730      4.072    30.6118      4.041  1020.4389 3.0037e+00     0.0000  0.000e+00
    23.6908   4.587539      3.873    30.6048      3.843  1020.4241 2.9915e+00     0.0000  0.000e+00
    23.6810   4.590404      3.807    30.6329      3.777  1020.4478 3.2479e+00     0.0000  0.000e+00
    23.6870   4.589499      3.714    30.6220      3.685  1020.4375 3.6996e+00     0.0000  0.000e+00
    23.6938   4.590554      3.581    30.6253      3.554  1020.4374 2.9182e+00     0.0000  0.000e+00
    23.7005   4.591610      3.448    30.6285      3.422  1020.4374 2.7717e+00     0.0000  0.000e+00
    23.7058   4.592665      3.289    30.6328      3.264  1020.4384 2.9548e+00     0.0000  0.000e+00
    23.7118   4.591006      3.117    30.6164      3.093  1020.4235 2.8205e+00     0.0000  0.000e+00
    23.7290   4.595077      2.838    30.6350      2.816  1020.4314 3.0159e+00     0.0000  0.000e+00
    23.7739   4.594925      2.639    30.6030      2.619  1020.3934 2.5763e+00     0.0000  0.000e+00
    23.7874   4.596081      2.600    30.6023      2.580  1020.3889 2.0024e+00     0.0000  0.000e+00
    23.8008   4.597237      2.586    30.6017      2.566  1020.3844 1.9048e+00     0.0000  0.000e+00
    23.8143   4.598393      2.374    30.6011      2.356  1020.3792 1.8681e+00     0.0000  0.000e+00
    23.8240   4.602314      2.268    30.6236      2.251  1020.3929 1.9658e+00     0.0000  0.000e+00
    23.8397   4.605029      2.149    30.6330      2.132  1020.3950 1.5629e+00     0.0000  0.000e+00
    23.8539   4.605783      2.043    30.6289      2.027  1020.3873 1.5140e+00     0.0000  0.000e+00
    23.8786   4.606536      1.870    30.6176      1.856  1020.3709 1.6361e+00     0.0000  0.000e+00
    23.8644   4.606687      1.685    30.6285      1.672  1020.3824 1.6361e+00     0.0000  0.000e+00
    23.9301   4.616490      1.473    30.6562      1.461  1020.3834 1.4408e+00     0.0000  0.000e+00
    24.0205   4.624180      1.327    30.6513      1.317  1020.3528 1.3431e+00     0.0000  0.000e+00
    24.0794   4.641072      1.353    30.7360      1.343  1020.3997 1.5263e+00     0.0000  0.000e+00
    24.1650   4.639713      1.300    30.6672      1.290  1020.3226 1.4286e+00     0.0000  0.000e+00
    24.2007   4.636847      1.062    30.6216      1.054  1020.2767 1.4286e+00     0.0000  0.000e+00
    24.3345   4.656151      0.625    30.6726      0.620  1020.2742 1.4408e+00     0.0000  0.000e+00
    24.6214   4.676660      0.294    30.6278      0.291  1020.1546 1.3065e+00     0.0000  0.000e+00
    24.6894   4.679827      0.254    30.6048      0.252  1020.1170 1.2332e+00     0.0000  0.000e+00
    24.7056   4.678771      0.426    30.5860      0.423  1020.0987 1.3431e+00     0.0000  0.000e+00
    24.6968   4.684955      0.453    30.6373      0.449  1020.1401 1.3065e+00     0.0000  0.000e+00
    24.7027   4.679676      0.400    30.5947      0.397  1020.1060 1.3553e+00     0.0000  0.000e+00
    24.7271   4.685256      0.227    30.6190      0.226  1020.1164 1.2454e+00     0.0000  0.000e+00
    24.7891   4.690836      0.082    30.6177      0.081  1020.0964 1.2821e+00     0.0000  0.000e+00
    24.8016   4.689780      0.161    30.6015      0.160  1020.0808 1.1355e+00     0.0000  0.000e+00
    24.8230   4.688573      0.333    30.5781      0.331  1020.0576 1.1722e+00     0.0000  0.000e+00
    24.8142   4.687970      0.373    30.5797      0.370  1020.0616 1.1722e+00     0.0000  0.000e+00
    24.8105   4.687065      0.095    30.5757      0.094  1020.0584 1.1844e+00     0.0000  0.000e+00
    24.8134   4.683445     -0.276    30.5474     -0.274  1020.0346 0.0000e+00   226.6178  0.000e+00
    24.8348   4.682992     -0.263    30.5296     -0.261  1020.0149 0.0000e+00   252.5031  0.000e+00
    24.8710   4.683896     -0.342    30.5119     -0.339  1019.9904 0.0000e+00    40.0488  0.000e+00
    24.8857   4.680125     -0.382    30.4745     -0.379  1019.9577 0.0000e+00   156.7766  0.000e+00
    24.9122   2.965038     -0.316    18.3674     -0.313  1010.8471 0.0000e+00   252.9915  0.000e+00
    24.9630   2.848989     -0.342    17.5593     -0.339  1010.2266 0.0000e+00   254.9451  0.000e+00
    24.9998   0.834771     -0.276     4.6342     -0.274  1000.5321 0.0000e+00   255.4335  0.000e+00
    25.0094   0.601061     -0.289     3.2600     -0.287   999.4982 0.0000e+00   256.4103  0.000e+00
    25.0226   1.023001     -0.329     5.7632     -0.326  1001.3725 0.0000e+00   256.4103  0.000e+00
    25.0359   0.462850     -0.316     2.4664     -0.313   998.8949 0.0000e+00   256.4103  0.000e+00
    25.0440   0.362431     -0.289     1.9021     -0.287   998.4686 0.0000e+00   256.4103  0.000e+00
