2021_02_08_ru34_Deployment_Orsted.cnv
* Sea-Bird SBE 19 Data File:
* FileName = C:\Users\rucool\Documents\SBE19_data\2021_02_08_ru34_Deployment_Orsted.hex
* Software Version Seasave V 7.26.7.107
* Temperature SN = 1645
* Conductivity SN = 1645
* System UpLoad Time = Feb 08 2021 20:48:50
** Ship: R/V Rutgers
** Station: Deployment
** Operator: Chip and Nicole
** Lat: 39 21.710 N
** Lon: 74 12.576 W
** Time: 3:48pm local
# nquan = 7
# nvalues = 438                                   
# units = specified
# name 0 = t090C: Temperature [ITS-90, deg C]
# name 1 = c0S/m: Conductivity [S/m]
# name 2 = prSM: Pressure, Strain Gauge [db]
# name 3 = sal00: Salinity, Practical [PSU]
# name 4 = depSM: Depth [salt water, m], lat = 40.00
# name 5 = density00: Density [density, kg/m^3]
# name 6 = flag:  0.000e+00
# span 0 =    -0.8178,     5.4690                 
# span 1 =  -0.000102,   3.162542                 
# span 2 =      0.137,     23.500                 
# span 3 =     0.0000,    35.3426                 
# span 4 =      0.135,     23.319                 
# span 5 =   999.7816,  1028.4232                 
# span 6 = 0.0000e+00, 0.0000e+00                 
# interval = seconds: 0.5
# start_time = Feb 08 2021 20:48:50 [System UTC, header]
# bad_flag = -9.990e-29
*END*
[from data line 206]
     5.2948   3.160210     18.130    32.5590     17.991  1025.7915  0.000e+00
     5.2958   3.160355     18.144    32.5597     18.004  1025.7920  0.000e+00
     5.2948   3.160499     18.224    32.5622     18.084  1025.7945  0.000e+00
     5.2958   3.160793     18.465    32.5645     18.322  1025.7973  0.000e+00
     5.3007   3.160787     18.839    32.5594     18.694  1025.7945  0.000e+00
     5.3007   3.160330     19.160    32.5541     19.013  1025.7917  0.000e+00
     5.2988   3.160173     19.361    32.5541     19.212  1025.7929  0.000e+00
     5.2978   3.160167     19.388    32.5550     19.238  1025.7938  0.000e+00
     5.2978   3.160160     19.374    32.5549     19.225  1025.7937  0.000e+00
     5.2968   3.160304     19.455    32.5574     19.305  1025.7962  0.000e+00
     5.2968   3.160148     19.656    32.5556     19.504  1025.7956  0.000e+00
     5.2968   3.160141     19.830    32.5554     19.677  1025.7963  0.000e+00
     5.2958   3.160286     19.937    32.5579     19.783  1025.7989  0.000e+00
     5.2978   3.160580     20.070    32.5593     19.916  1025.8004  0.000e+00
     5.2998   3.160424     20.271    32.5555     20.115  1025.7981  0.000e+00
     5.3008   3.159816     20.512    32.5475     20.354  1025.7928  0.000e+00
     5.2988   3.159960     20.753    32.5509     20.593  1025.7968  0.000e+00
     5.2978   3.159954     21.021    32.5517     20.859  1025.7988  0.000e+00
     5.2959   3.159646     21.289    32.5499     21.125  1025.7989  0.000e+00
     5.2959   3.159941     21.450    32.5532     21.284  1025.8022  0.000e+00
     5.2949   3.160236     21.530    32.5575     21.364  1025.8061  0.000e+00
     5.2959   3.160380     21.744    32.5581     21.577  1025.8074  0.000e+00
     5.2998   3.160675     22.133    32.5574     21.962  1025.8082  0.000e+00
     5.3028   3.160969     22.495    32.5577     22.321  1025.8098  0.000e+00
     5.3048   3.160812     22.656    32.5539     22.481  1025.8073  0.000e+00
     5.3077   3.160806     22.709    32.5509     22.534  1025.8049  0.000e+00
     5.3077   3.161402     22.790    32.5577     22.614  1025.8106  0.000e+00
     5.3117   3.161245     22.991    32.5519     22.813  1025.8065  0.000e+00
     5.3127   3.161540     23.219    32.5542     23.040  1025.8093  0.000e+00
     5.3117   3.161533     23.380    32.5550     23.199  1025.8108  0.000e+00
     5.3156   3.161376     23.474    32.5494     23.292  1025.8063  0.000e+00
     5.3166   3.161069     23.487    32.5449     23.306  1025.8027  0.000e+00
     5.3127   3.161364     23.500    32.5521     23.319  1025.8089  0.000e+00
     5.3107   3.161207     23.500    32.5522     23.319  1025.8092  0.000e+00
     5.3117   3.160900     23.407    32.5478     23.226  1025.8052  0.000e+00
     5.3107   3.160593     23.179    32.5453     23.000  1025.8023  0.000e+00
     5.3107   3.160887     22.857    32.5489     22.680  1025.8036  0.000e+00
     5.3127   3.160684     22.549    32.5448     22.375  1025.7987  0.000e+00
     5.3147   3.160479     22.347    32.5406     22.175  1025.7943  0.000e+00
     5.3167   3.160272     22.200    32.5364     22.029  1025.7900  0.000e+00
     5.3048   3.159967     21.959    32.5445     21.789  1025.7967  0.000e+00
     5.3029   3.159964     21.597    32.5466     21.431  1025.7969  0.000e+00
     5.2989   3.160412     21.289    32.5557     21.125  1025.8031  0.000e+00
     5.2980   3.159656     21.182    32.5481     21.018  1025.7967  0.000e+00
     5.2989   3.159502     21.101    32.5454     20.939  1025.7941  0.000e+00
     5.2980   3.159498     20.807    32.5465     20.646  1025.7936  0.000e+00
     5.2980   3.159344     20.405    32.5449     20.248  1025.7905  0.000e+00
     5.2980   3.159341     19.963    32.5451     19.809  1025.7886  0.000e+00
     5.2980   3.159036     19.575    32.5418     19.424  1025.7842  0.000e+00
     5.2980   3.159484     19.281    32.5470     19.132  1025.7870  0.000e+00
     5.2990   3.159330     19.094    32.5444     18.946  1025.7839  0.000e+00
     5.2980   3.158424     18.866    32.5351     18.721  1025.7757  0.000e+00
     5.3000   3.159323     18.639    32.5436     18.495  1025.7811  0.000e+00
     5.2990   3.159469     18.371    32.5463     18.230  1025.7821  0.000e+00
     5.3000   3.159466     18.130    32.5455     17.991  1025.7802  0.000e+00
     5.2980   3.159613     17.957    32.5491     17.818  1025.7825  0.000e+00
     5.2990   3.159459     17.890    32.5464     17.752  1025.7800  0.000e+00
     5.3000   3.159455     17.876    32.5454     17.739  1025.7790  0.000e+00
     5.3000   3.159452     17.836    32.5454     17.699  1025.7788  0.000e+00
     5.3010   3.159448     17.636    32.5445     17.500  1025.7770  0.000e+00
     5.3030   3.159294     17.221    32.5410     17.089  1025.7721  0.000e+00
     5.3010   3.159140     16.727    32.5414     16.598  1025.7704  0.000e+00
     5.2981   3.158986     16.379    32.5427     16.253  1025.7701  0.000e+00
     5.2971   3.158982     16.152    32.5438     16.028  1025.7700  0.000e+00
     5.2961   3.159129     15.939    32.5465     15.816  1025.7713  0.000e+00
     5.2971   3.158825     15.698    32.5422     15.577  1025.7666  0.000e+00
     5.2981   3.158972     15.471    32.5430     15.352  1025.7661  0.000e+00
     5.2971   3.158968     15.217    32.5440     15.100  1025.7659  0.000e+00
     5.2981   3.158814     15.071    32.5414     14.955  1025.7630  0.000e+00
     5.2981   3.158961     14.857    32.5432     14.743  1025.7634  0.000e+00
     5.3021   3.159409     14.657    32.5445     14.544  1025.7631  0.000e+00
     5.3021   3.159405     14.483    32.5446     14.372  1025.7623  0.000e+00
     5.3040   3.159401     14.256    32.5427     14.147  1025.7596  0.000e+00
     5.3050   3.159398     13.949    32.5419     13.842  1025.7574  0.000e+00
     5.3060   3.159394     13.736    32.5410     13.630  1025.7556  0.000e+00
     5.3050   3.159541     13.536    32.5437     13.432  1025.7569  0.000e+00
     5.3080   3.159537     13.242    32.5409     13.140  1025.7530  0.000e+00
     5.3080   3.159534     12.856    32.5411     12.757  1025.7513  0.000e+00
     5.3090   3.159681     12.482    32.5420     12.386  1025.7502  0.000e+00
     5.3110   3.159677     12.309    32.5401     12.214  1025.7477  0.000e+00
     5.3070   3.159673     12.282    32.5439     12.188  1025.7510  0.000e+00
     5.3090   3.159820     12.216    32.5437     12.122  1025.7503  0.000e+00
     5.3120   3.159967     11.976    32.5426     11.884  1025.7480  0.000e+00
     5.3149   3.159964     11.722    32.5398     11.632  1025.7443  0.000e+00
     5.3159   3.160110     11.509    32.5406     11.421  1025.7438  0.000e+00
     5.3169   3.159806     11.323    32.5363     11.236  1025.7394  0.000e+00
     5.3179   3.159502     11.203    32.5319     11.117  1025.7352  0.000e+00
     5.3160   3.159197     11.096    32.5304     11.011  1025.7338  0.000e+00
     5.3130   3.158141     10.896    32.5213     10.812  1025.7260  0.000e+00
     5.3031   3.156332     10.643    32.5104     10.561  1025.7173  0.000e+00
     5.2923   3.156479     10.363    32.5227     10.284  1025.7270  0.000e+00
     5.2874   3.155723     10.150    32.5190     10.072  1025.7237  0.000e+00
     5.2854   3.154667     10.084    32.5089     10.006  1025.7156  0.000e+00
     5.2844   3.154362     10.084    32.5064     10.006  1025.7137  0.000e+00
     5.2825   3.153757      9.924    32.5015      9.848  1025.7093  0.000e+00
     5.2795   3.153453      9.671    32.5010      9.597  1025.7081  0.000e+00
     5.2785   3.153449      9.352    32.5021      9.280  1025.7076  0.000e+00
     5.2805   3.153446      9.099    32.5002      9.029  1025.7047  0.000e+00
     5.2825   3.153442      8.979    32.4983      8.910  1025.7024  0.000e+00
     5.2845   3.153438      8.872    32.4964      8.804  1025.7002  0.000e+00
     5.2845   3.153585      8.739    32.4982      8.672  1025.7009  0.000e+00
     5.2864   3.152529      8.606    32.4843      8.540  1025.6891  0.000e+00
     5.2855   3.153428      8.407    32.4956      8.342  1025.6972  0.000e+00
     5.2865   3.153274      8.101    32.4930      8.039  1025.6937  0.000e+00
     5.2874   3.153270      7.848    32.4921      7.788  1025.6917  0.000e+00
     5.2855   3.153267      7.795    32.4940      7.735  1025.6931  0.000e+00
     5.2855   3.153263      7.755    32.4940      7.695  1025.6929  0.000e+00
     5.2855   3.152808      7.609    32.4889      7.550  1025.6882  0.000e+00
     5.2845   3.152654      7.356    32.4882      7.300  1025.6866  0.000e+00
     5.2825   3.152500      7.130    32.4885      7.075  1025.6860  0.000e+00
     5.2816   3.152196      7.010    32.4860      6.956  1025.6836  0.000e+00
     5.2816   3.151741      6.891    32.4809      6.838  1025.6790  0.000e+00
     5.2796   3.151286      6.691    32.4777      6.640  1025.6758  0.000e+00
     5.2747   3.151433      6.439    32.4843      6.389  1025.6804  0.000e+00
     5.2737   3.150828      6.319    32.4784      6.271  1025.6753  0.000e+00
     5.2737   3.150223      6.226    32.4715      6.178  1025.6694  0.000e+00
     5.2717   3.149768      6.040    32.4683      5.994  1025.6662  0.000e+00
     5.2678   3.149614      5.867    32.4705      5.822  1025.6676  0.000e+00
     5.2668   3.148858      5.734    32.4629      5.690  1025.6611  0.000e+00
     5.2648   3.148404      5.562    32.4597      5.519  1025.6579  0.000e+00
     5.2629   3.147949      5.349    32.4565      5.308  1025.6547  0.000e+00
     5.2599   3.147644      5.004    32.4561      4.966  1025.6531  0.000e+00
     5.2619   3.147340      4.619    32.4509      4.583  1025.6469  0.000e+00
     5.2599   3.146885      4.406    32.4477      4.373  1025.6437  0.000e+00
     5.2619   3.146731      4.380    32.4440      4.346  1025.6404  0.000e+00
     5.2609   3.146878      4.314    32.4467      4.280  1025.6423  0.000e+00
     5.2599   3.143264      4.128    32.4065      4.096  1025.6097  0.000e+00
     5.2609   3.146420      3.875    32.4417      3.846  1025.6363  0.000e+00
     5.2609   3.146266      3.663    32.4400      3.635  1025.6340  0.000e+00
     5.2609   3.145811      3.504    32.4349      3.477  1025.6292  0.000e+00
     5.2610   3.145807      3.331    32.4349      3.306  1025.6284  0.000e+00
     5.2639   3.145804      3.159    32.4321      3.135  1025.6251  0.000e+00
     5.2669   3.145951      3.026    32.4310      3.003  1025.6232  0.000e+00
     5.2699   3.145947      2.907    32.4281      2.885  1025.6201  0.000e+00
     5.2708   3.146545      2.774    32.4340      2.753  1025.6240  0.000e+00
     5.2768   3.146842      2.589    32.4318      2.569  1025.6207  0.000e+00
     5.2866   3.147290      2.403    32.4274      2.384  1025.6153  0.000e+00
     5.3044   3.148038      2.177    32.4188      2.161  1025.6054  0.000e+00
     5.3143   3.148185      1.979    32.4110      1.963  1025.5972  0.000e+00
     5.3103   3.148482      1.833    32.4183      1.819  1025.6027  0.000e+00
     5.3113   3.148780      1.740    32.4208      1.727  1025.6041  0.000e+00
     5.3350   3.151333      1.621    32.4270      1.608  1025.6058  0.000e+00
     5.3360   3.149825      1.462    32.4090      1.450  1025.5907  0.000e+00
     5.3468   3.154635      1.249    32.4533      1.240  1025.6236  0.000e+00
     5.4118   3.155383      0.971    32.3991      0.964  1025.5719  0.000e+00
     5.4305   3.160042      0.772    32.4340      0.766  1025.5965  0.000e+00
     5.4404   3.159888      0.719    32.4228      0.714  1025.5862  0.000e+00
     5.4433   3.159433      0.693    32.4148      0.688  1025.5794  0.000e+00
     5.4502   3.159881      0.613    32.4132      0.609  1025.5770  0.000e+00
     5.4571   3.160479      0.534    32.4134      0.530  1025.5760  0.000e+00
     5.4611   3.160325      0.507    32.4079      0.504  1025.5710  0.000e+00
     5.4611   3.160472      0.507    32.4095      0.504  1025.5723  0.000e+00
     5.4601   3.159566      0.494    32.4002      0.490  1025.5650  0.000e+00
     5.4581   3.159713      0.388    32.4038      0.385  1025.5676  0.000e+00
     5.4572   3.159258      0.309    32.3996      0.306  1025.5640  0.000e+00
     5.4631   3.159405      0.309    32.3956      0.306  1025.5602  0.000e+00
     5.4660   3.159251      0.322    32.3910      0.319  1025.5562  0.000e+00
     5.3600   3.159050      0.189    32.4913      0.188  1025.6472  0.000e+00
     5.2539   3.158849      0.150    32.5923      0.149  1025.7391  0.000e+00
     5.1475   3.158649      0.150    32.6940      0.149  1025.8316  0.000e+00
     5.1060   0.910512      0.203     8.4511      0.201  1006.6789  0.000e+00
     5.3144   1.938529      0.203    19.0349      0.201  1015.0220  0.000e+00
     5.4080   0.628638      0.203     5.6269      0.201  1004.4322  0.000e+00
     5.3962   1.895641      0.189    18.5311      0.188  1014.6181  0.000e+00
     5.4208   3.159248      0.269    32.4347      0.267  1025.5958  0.000e+00
     5.4414   3.159247      0.454    32.4146      0.451  1025.5784  0.000e+00
     5.4473   3.158646      0.574    32.4020      0.569  1025.5683  0.000e+00
     5.4493   3.158495      0.481    32.3985      0.477  1025.5648  0.000e+00
     5.4503   3.158345      0.375    32.3959      0.372  1025.5622  0.000e+00
     5.4562   3.160150      0.415    32.4106      0.412  1025.5733  0.000e+00
     5.4621   3.159398      0.507    32.3963      0.504  1025.5618  0.000e+00
     5.4641   3.159999      0.507    32.4013      0.504  1025.5655  0.000e+00
     5.4582   3.158646      0.415    32.3916      0.412  1025.5581  0.000e+00
     5.4572   3.159097      0.401    32.3977      0.398  1025.5630  0.000e+00
     5.4562   3.158646      0.454    32.3935      0.451  1025.5600  0.000e+00
     5.4503   3.158345      0.481    32.3958      0.477  1025.5626  0.000e+00
     5.4513   3.157743      0.415    32.3881      0.412  1025.5561  0.000e+00
     5.4513   3.157141      0.362    32.3812      0.359  1025.5504  0.000e+00
     5.4523   2.030170      0.335    19.9365      0.333  1015.7227  0.000e+00
     5.4444   0.360607      0.242     3.1067      0.241  1002.4342  0.000e+00
     5.3331   0.185555      0.176     1.5429      0.175  1001.1941  0.000e+00
     5.1188   0.123837      0.176     1.0149      0.175  1000.7782  0.000e+00
     4.9048   0.093064      0.176     0.7572      0.175  1000.5763  0.000e+00
     4.6941   0.082214      0.176     0.6694      0.175  1000.5092  0.000e+00
     4.5655   0.080579      0.176     0.6580      0.175  1000.5017  0.000e+00
     4.4716   0.070621      0.163     0.5750      0.162  1000.4361  0.000e+00
     4.3125   0.056801      0.163     0.4604      0.162  1000.3454  0.000e+00
     4.1289   0.049372      0.163     0.4000      0.162  1000.2979  0.000e+00
     3.9508   0.035258      0.163     0.2834      0.162  1000.2044  0.000e+00
     3.8176   0.027236      0.163     0.2176      0.162  1000.1513  0.000e+00
     3.6942   0.025156      0.163     0.2011      0.162  1000.1376  0.000e+00
     3.5899   0.022779      0.163     0.1820      0.162  1000.1217  0.000e+00
     3.5179   0.020848      0.163     0.1664      0.162  1000.1086  0.000e+00
     3.4305   0.019660      0.163     0.1569      0.162  1000.1003  0.000e+00
     3.3451   0.018769      0.163     0.1499      0.162  1000.0939  0.000e+00
     3.1851   0.017877      0.163     0.1432      0.162  1000.0867  0.000e+00
     3.0799   0.016986      0.163     0.1362      0.162  1000.0796  0.000e+00
     3.0625   0.016986      0.163     0.1363      0.162  1000.0794  0.000e+00
     3.0329   0.024116      0.163     0.1963      0.162  1000.1276  0.000e+00
     2.9950   0.035258      0.163     0.2916      0.162  1000.2041  0.000e+00
     2.9356   0.051452      0.163     0.4330      0.162  1000.3175  0.000e+00
     2.8690   0.057396      0.163     0.4862      0.162  1000.3595  0.000e+00
     2.7560   0.063934      0.163     0.5460      0.162  1000.4059  0.000e+00
     2.6841   0.057842      0.163     0.4929      0.162  1000.3616  0.000e+00
